*********** INPUT SETTINGS ***********

name: MCMC

MCMC: {'nwalkers': 200, 'nsteps': 2000, 'nburnin': 1000, 'randomisation': 30, 'stuck_threshold': 0.001}

nthreads: 8

least_sq_prefit: False

components: {'synchrotron': 0, 'freefree': 1, 'ame': 1, 'cmb': 0, 'thermaldust': 1, 'custom_model': 0}

priors: {'T_d': [10, 100], 'tau': [-5, -2], 'beta': [1.2, 2.2], 'nu_AME': [5, 60], 'W_AME': [0.2, 1], 'nu_AME1': [5, 60], 'T_d1': [10, 100], 'tau1': [-5, -2], 'beta1': [1.2, 2.2]}

guesses: {'A_sync': 10, 'alpha': -3, 'EM': 200, 'A_AME': 10, 'nu_AME': 30, 'W_AME': 0.5, 'T_d': 21, 'tau': -2.8, 'beta': 1.6, 'dT': 0.0003, 'nu_AME1': 30, 'T_d1': 21, 'tau1': -2.8, 'beta1': 1.6}

plotting: {'resultdir': '/scratch/nas_falcon/scratch/rca/projects/AMI/results', 'plotdir': '/scratch/nas_falcon/scratch/rca/projects/AMI/results', 'plotSED': True, 'plotCorner': True, 'plotWalkers': True, 'dpi': 300}

verbose: True

formatting: {'A_sync': '$A_{sync}$', 'alpha': '$\\alpha$', 'EM': '$EM$', 'A_AME': '$A_{AME}$', 'nu_AME': '$\\nu_{AME}$', 'W_AME': '$W_{AME}$', 'T_d': '$T_d$', 'tau': '$\\tau$', 'beta': '$\\beta$', 'dT': '$\\delta_{T}$'}



************ INPUT DATA **************

nu: [4.080e-01 1.420e+00 1.100e+01 1.300e+01 1.700e+01 1.900e+01 2.280e+01
 3.300e+01 4.070e+01 6.070e+01 9.360e+01 2.840e+01 4.400e+01 7.000e+01
 1.000e+02 1.430e+02 2.170e+02 3.530e+02 5.450e+02 8.570e+02 1.249e+03
 2.141e+03 2.998e+03 4.997e+03]

flux: [9.38501026e+01 4.49797574e+01 4.03517106e+01 4.24453019e+01
 4.33246172e+01 3.22389220e+01 5.51491588e+01 4.91534462e+01
 4.48830771e+01 4.73572237e+01 9.34086787e+01 5.00488221e+01
 4.37560812e+01 5.45675939e+01 1.53656570e+02 2.95910047e+02
 1.36044568e+03 5.69547226e+03 1.77809914e+04 5.06190193e+04
 9.44706870e+04 1.28425274e+05 6.21732061e+04 2.30559468e+04]

flux_err: [3.86953886e+01 1.81319199e+01 1.21055141e+00 1.27335983e+00
 7.79843120e+00 9.02689817e+00 5.51494157e-01 4.91536321e-01
 4.48830909e-01 4.73575937e-01 9.34091129e-01 5.00488857e-01
 4.37560958e-01 5.45675943e-01 1.53657895e+00 2.95911039e+00
 1.36044569e+01 7.40411419e+01 2.31152985e+02 7.08666664e+02
 1.27535820e+04 1.36130925e+04 7.21212506e+03 2.30560055e+03]

beam: 0.00034421768435898063

excluded: [  15.7   17.    19.   100.   217.  4997. ]

nu_fitted: [0.408, 1.42, 11.0, 13.0, 22.8, 33.0, 40.7, 60.7, 93.6, 28.4, 44.0, 70.0, 143.0, 353.0, 545.0, 857.0, 1249.0, 2141.0, 2998.0]

flux_fitted: [93.85010255538975, 44.979757367054674, 40.351710559240985, 42.44530193377132, 55.14915875271785, 49.15344617347848, 44.88307708892807, 47.35722369767835, 93.40867869119484, 50.048822056186566, 43.75608119322329, 54.56759394338792, 295.9100469656461, 5695.472257789688, 17780.991377281134, 50619.01928533321, 94470.68696140364, 128425.27372528042, 62173.20609882948]

flux_err_fitted: [38.69538858535569, 18.131919876348622, 1.2105514101334718, 1.273359834024363, 0.5514941565661006, 0.49153632062809816, 0.44883090857110913, 0.4735759365001523, 0.9340911289156929, 0.5004888566980036, 0.43756095775293075, 0.5456759427748935, 2.959110388262452, 74.04114193270064, 231.1529852345232, 708.66666385593, 12753.582022350276, 13613.092480721793, 7212.125055534979]



*********** RESULTS & MODELS ***********

sed_model: <function SED.build_model.<locals>.sed_model at 0x7f29b63248c8>

sed_params: [ 1.18741633e+03  1.80901807e+01  2.40856981e+01  4.46170260e-01
  1.76551694e+01 -2.58453854e+00  1.58661253e+00]

sed_names: ['EM', 'A_AME', 'nu_AME', 'W_AME', 'T_d', 'tau', 'beta']

sed_names_latex: ['$EM$', '$A_{AME}$', '$\\nu_{AME}$', '$W_{AME}$', '$T_d$', '$\\tau$', '$\\beta$']

sed_errors: [4.31970628e+01 1.20416739e+00 4.20143443e-01 3.10422947e-02
 4.37486069e-01 2.92833081e-02 2.06809507e-02]

sed_upper_sigma: [3.96176011e+01 1.28874062e+00 4.20863635e-01 3.29748670e-02
 4.39606959e-01 2.97306819e-02 2.07574998e-02]

sed_lower_sigma: [4.67765245e+01 1.11959416e+00 4.19423251e-01 2.91097225e-02
 4.35365179e-01 2.88359342e-02 2.06044015e-02]

sed_acceptance: 0.4733025

sed_priors: [[-inf, inf], [-inf, inf], [5, 60], [0.2, 1], [10, 100], [-5, -2], [1.2, 2.2]]

sed_guess: [200.   10.   30.    0.5  21.   -2.8   1.6]

sed_chi_squared: 8.728849912709357

components: {'function': [<function freefree at 0x7f29baf197b8>, <function ame at 0x7f29baf19840>, <function thermaldust at 0x7f29baf198c8>], 'n_components': [0, 1, 2], 'name_params': [['EM'], ['A_AME', 'nu_AME', 'W_AME'], ['T_d', 'tau', 'beta']], 'n_params': [1, 3, 3]}

walkers: {'kept': (array([  0,   1,   2,   3,   4,   5,   6,   7,   8,   9,  10,  11,  12,
        13,  14,  15,  16,  17,  18,  19,  20,  21,  22,  23,  24,  25,
        26,  27,  28,  29,  30,  31,  32,  33,  34,  35,  36,  37,  38,
        39,  40,  41,  42,  43,  44,  45,  46,  47,  48,  49,  50,  51,
        52,  53,  54,  55,  56,  57,  58,  59,  60,  61,  62,  63,  64,
        65,  66,  67,  68,  69,  70,  71,  72,  73,  74,  75,  76,  77,
        78,  79,  80,  81,  82,  83,  84,  85,  86,  87,  88,  89,  90,
        91,  92,  93,  94,  95,  96,  97,  98,  99, 100, 101, 102, 103,
       104, 105, 106, 107, 108, 109, 110, 111, 112, 113, 114, 115, 116,
       117, 118, 119, 120, 121, 122, 123, 124, 125, 126, 127, 128, 129,
       130, 131, 132, 133, 134, 135, 136, 137, 138, 139, 140, 141, 142,
       143, 144, 145, 146, 147, 148, 149, 150, 151, 152, 153, 154, 155,
       156, 157, 158, 159, 160, 161, 162, 163, 164, 165, 166, 167, 168,
       169, 170, 171, 172, 173, 174, 175, 176, 177, 178, 179, 180, 181,
       182, 183, 184, 185, 186, 187, 188, 189, 190, 191, 192, 193, 194,
       195, 196, 197, 198, 199]),), 'percent_kept': 100.0}

timing: {'mcmctime': 33.41003370285034, 'sed_time': 1.0666730403900146, 'walker_time': 7.302715063095093, 'corner_time': 17.17210841178894, 'start': 1548429465.4157636, 'finish': 1548429524.4499934, 'runtime': 59.03422975540161, 'timestamp': '2019Jan25_151745'}

